0.000000000000000000e+00
0.000000000000000000e+00
0.000000000000000000e+00
0.000000000000000000e+00
3.300000000000000000e+01
4.510000000000000000e+02
9.240000000000000000e+02
8.350000000000000000e+02
2.960000000000000000e+02
1.300000000000000000e+01
0.000000000000000000e+00
0.000000000000000000e+00
0.000000000000000000e+00
0.000000000000000000e+00
0.000000000000000000e+00
0.000000000000000000e+00
0.000000000000000000e+00
0.000000000000000000e+00
0.000000000000000000e+00
0.000000000000000000e+00
0.000000000000000000e+00
0.000000000000000000e+00
0.000000000000000000e+00
0.000000000000000000e+00
0.000000000000000000e+00
6.000000000000000000e+00
7.710000000000000000e+02
4.717000000000000000e+03
9.958000000000000000e+03
1.182300000000000000e+04
9.325000000000000000e+03
4.383000000000000000e+03
9.620000000000000000e+02
5.200000000000000000e+01
0.000000000000000000e+00
0.000000000000000000e+00
0.000000000000000000e+00
0.000000000000000000e+00
0.000000000000000000e+00
0.000000000000000000e+00
0.000000000000000000e+00
0.000000000000000000e+00
0.000000000000000000e+00
0.000000000000000000e+00
0.000000000000000000e+00
0.000000000000000000e+00
0.000000000000000000e+00
5.500000000000000000e+01
2.310000000000000000e+03
1.262200000000000000e+04
2.717600000000000000e+04
3.610800000000000000e+04
3.619400000000000000e+04
2.841600000000000000e+04
1.661300000000000000e+04
6.092000000000000000e+03
8.740000000000000000e+02
9.000000000000000000e+00
0.000000000000000000e+00
0.000000000000000000e+00
0.000000000000000000e+00
0.000000000000000000e+00
0.000000000000000000e+00
0.000000000000000000e+00
0.000000000000000000e+00
0.000000000000000000e+00
0.000000000000000000e+00
0.000000000000000000e+00
0.000000000000000000e+00
1.100000000000000000e+01
2.328000000000000000e+03
1.631800000000000000e+04
3.928300000000000000e+04
5.576800000000000000e+04
6.063200000000000000e+04
5.810000000000000000e+04
5.008500000000000000e+04
3.488300000000000000e+04
1.680000000000000000e+04
4.494000000000000000e+03
3.170000000000000000e+02
0.000000000000000000e+00
0.000000000000000000e+00
0.000000000000000000e+00
0.000000000000000000e+00
0.000000000000000000e+00
0.000000000000000000e+00
0.000000000000000000e+00
0.000000000000000000e+00
0.000000000000000000e+00
0.000000000000000000e+00
0.000000000000000000e+00
5.950000000000000000e+02
1.045900000000000000e+04
3.655700000000000000e+04
6.251600000000000000e+04
6.747700000000000000e+04
5.571400000000000000e+04
5.258900000000000000e+04
5.812400000000000000e+04
5.184700000000000000e+04
3.184700000000000000e+04
1.198400000000000000e+04
1.888000000000000000e+03
2.600000000000000000e+01
0.000000000000000000e+00
0.000000000000000000e+00
0.000000000000000000e+00
0.000000000000000000e+00
0.000000000000000000e+00
0.000000000000000000e+00
0.000000000000000000e+00
0.000000000000000000e+00
0.000000000000000000e+00
0.000000000000000000e+00
1.375000000000000000e+03
1.618400000000000000e+04
4.863400000000000000e+04
7.367900000000000000e+04
6.171500000000000000e+04
2.775900000000000000e+04
1.872800000000000000e+04
4.007900000000000000e+04
5.879900000000000000e+04
4.740300000000000000e+04
2.348300000000000000e+04
5.858000000000000000e+03
3.700000000000000000e+02
0.000000000000000000e+00
0.000000000000000000e+00
0.000000000000000000e+00
0.000000000000000000e+00
0.000000000000000000e+00
0.000000000000000000e+00
0.000000000000000000e+00
0.000000000000000000e+00
0.000000000000000000e+00
0.000000000000000000e+00
5.640000000000000000e+02
1.132500000000000000e+04
4.397700000000000000e+04
7.920600000000000000e+04
7.380700000000000000e+04
2.457500000000000000e+04
1.159000000000000000e+03
1.490500000000000000e+04
5.144400000000000000e+04
6.003900000000000000e+04
3.748700000000000000e+04
1.306100000000000000e+04
1.603000000000000000e+03
1.100000000000000000e+01
0.000000000000000000e+00
0.000000000000000000e+00
0.000000000000000000e+00
0.000000000000000000e+00
0.000000000000000000e+00
0.000000000000000000e+00
0.000000000000000000e+00
0.000000000000000000e+00
0.000000000000000000e+00
7.000000000000000000e+00
1.646000000000000000e+03
1.809400000000000000e+04
6.020700000000000000e+04
9.798900000000000000e+04
7.827600000000000000e+04
2.450700000000000000e+04
1.280100000000000000e+04
4.387600000000000000e+04
6.800400000000000000e+04
5.268700000000000000e+04
2.403200000000000000e+04
5.001000000000000000e+03
1.550000000000000000e+02
0.000000000000000000e+00
0.000000000000000000e+00
0.000000000000000000e+00
0.000000000000000000e+00
0.000000000000000000e+00
0.000000000000000000e+00
0.000000000000000000e+00
0.000000000000000000e+00
0.000000000000000000e+00
0.000000000000000000e+00
0.000000000000000000e+00
5.730000000000000000e+02
1.073500000000000000e+04
5.212000000000000000e+04
1.133510000000000000e+05
1.270030000000000000e+05
7.223000000000000000e+04
5.899200000000000000e+04
7.774300000000000000e+04
7.047200000000000000e+04
3.873900000000000000e+04
1.131700000000000000e+04
8.940000000000000000e+02
0.000000000000000000e+00
0.000000000000000000e+00
0.000000000000000000e+00
0.000000000000000000e+00
0.000000000000000000e+00
0.000000000000000000e+00
0.000000000000000000e+00
0.000000000000000000e+00
0.000000000000000000e+00
0.000000000000000000e+00
0.000000000000000000e+00
0.000000000000000000e+00
0.000000000000000000e+00
8.210000000000000000e+02
1.724200000000000000e+04
8.210800000000000000e+04
1.897010000000000000e+05
1.765270000000000000e+05
1.083080000000000000e+05
9.486600000000000000e+04
6.018900000000000000e+04
2.270400000000000000e+04
3.132000000000000000e+03
2.000000000000000000e+01
0.000000000000000000e+00
0.000000000000000000e+00
0.000000000000000000e+00
0.000000000000000000e+00
0.000000000000000000e+00
0.000000000000000000e+00
0.000000000000000000e+00
0.000000000000000000e+00
0.000000000000000000e+00
0.000000000000000000e+00
0.000000000000000000e+00
0.000000000000000000e+00
0.000000000000000000e+00
0.000000000000000000e+00
2.800000000000000000e+01
1.078100000000000000e+04
1.343600000000000000e+05
2.940750000000000000e+05
2.051770000000000000e+05
1.031580000000000000e+05
4.564700000000000000e+04
9.662000000000000000e+03
2.900000000000000000e+02
0.000000000000000000e+00
0.000000000000000000e+00
0.000000000000000000e+00
0.000000000000000000e+00
0.000000000000000000e+00
0.000000000000000000e+00
0.000000000000000000e+00
0.000000000000000000e+00
0.000000000000000000e+00
0.000000000000000000e+00
0.000000000000000000e+00
0.000000000000000000e+00
0.000000000000000000e+00
0.000000000000000000e+00
0.000000000000000000e+00
0.000000000000000000e+00
1.900000000000000000e+03
3.118300000000000000e+04
2.162830000000000000e+05
3.166350000000000000e+05
2.134800000000000000e+05
3.147200000000000000e+04
1.969000000000000000e+03
0.000000000000000000e+00
0.000000000000000000e+00
0.000000000000000000e+00
0.000000000000000000e+00
0.000000000000000000e+00
0.000000000000000000e+00
0.000000000000000000e+00
0.000000000000000000e+00
0.000000000000000000e+00
0.000000000000000000e+00
0.000000000000000000e+00
0.000000000000000000e+00
0.000000000000000000e+00
0.000000000000000000e+00
0.000000000000000000e+00
0.000000000000000000e+00
2.380000000000000000e+02
9.237000000000000000e+03
4.513700000000000000e+04
1.055920000000000000e+05
2.072720000000000000e+05
2.954170000000000000e+05
1.337000000000000000e+05
1.013500000000000000e+04
2.000000000000000000e+01
0.000000000000000000e+00
0.000000000000000000e+00
0.000000000000000000e+00
0.000000000000000000e+00
0.000000000000000000e+00
0.000000000000000000e+00
0.000000000000000000e+00
0.000000000000000000e+00
0.000000000000000000e+00
0.000000000000000000e+00
0.000000000000000000e+00
0.000000000000000000e+00
0.000000000000000000e+00
0.000000000000000000e+00
1.200000000000000000e+01
2.968000000000000000e+03
2.257100000000000000e+04
6.071300000000000000e+04
9.656500000000000000e+04
1.093000000000000000e+05
1.810840000000000000e+05
1.916660000000000000e+05
8.131400000000000000e+04
1.672500000000000000e+04
7.410000000000000000e+02
0.000000000000000000e+00
0.000000000000000000e+00
0.000000000000000000e+00
0.000000000000000000e+00
0.000000000000000000e+00
0.000000000000000000e+00
0.000000000000000000e+00
0.000000000000000000e+00
0.000000000000000000e+00
0.000000000000000000e+00
0.000000000000000000e+00
0.000000000000000000e+00
0.000000000000000000e+00
8.240000000000000000e+02
1.102100000000000000e+04
3.846600000000000000e+04
7.159400000000000000e+04
7.965500000000000000e+04
6.234300000000000000e+04
7.584800000000000000e+04
1.304150000000000000e+05
1.147250000000000000e+05
5.161300000000000000e+04
1.038200000000000000e+04
5.150000000000000000e+02
0.000000000000000000e+00
0.000000000000000000e+00
0.000000000000000000e+00
0.000000000000000000e+00
0.000000000000000000e+00
0.000000000000000000e+00
0.000000000000000000e+00
0.000000000000000000e+00
0.000000000000000000e+00
0.000000000000000000e+00
0.000000000000000000e+00
1.210000000000000000e+02
4.714000000000000000e+03
2.354500000000000000e+04
5.346000000000000000e+04
6.936200000000000000e+04
4.621100000000000000e+04
1.529000000000000000e+04
2.675900000000000000e+04
8.100900000000000000e+04
9.975200000000000000e+04
6.042200000000000000e+04
1.784800000000000000e+04
1.577000000000000000e+03
1.000000000000000000e+00
0.000000000000000000e+00
0.000000000000000000e+00
0.000000000000000000e+00
0.000000000000000000e+00
0.000000000000000000e+00
0.000000000000000000e+00
0.000000000000000000e+00
0.000000000000000000e+00
0.000000000000000000e+00
8.000000000000000000e+00
1.537000000000000000e+03
1.300000000000000000e+04
3.746400000000000000e+04
6.094600000000000000e+04
5.343500000000000000e+04
1.656800000000000000e+04
1.575000000000000000e+03
2.632200000000000000e+04
7.593000000000000000e+04
8.064000000000000000e+04
4.375400000000000000e+04
1.106700000000000000e+04
5.360000000000000000e+02
0.000000000000000000e+00
0.000000000000000000e+00
0.000000000000000000e+00
0.000000000000000000e+00
0.000000000000000000e+00
0.000000000000000000e+00
0.000000000000000000e+00
0.000000000000000000e+00
0.000000000000000000e+00
0.000000000000000000e+00
3.170000000000000000e+02
5.643000000000000000e+03
2.319000000000000000e+04
4.825100000000000000e+04
5.969500000000000000e+04
4.211100000000000000e+04
2.006900000000000000e+04
2.887900000000000000e+04
6.387500000000000000e+04
7.493900000000000000e+04
4.894600000000000000e+04
1.628200000000000000e+04
1.420000000000000000e+03
0.000000000000000000e+00
0.000000000000000000e+00
0.000000000000000000e+00
0.000000000000000000e+00
0.000000000000000000e+00
0.000000000000000000e+00
0.000000000000000000e+00
0.000000000000000000e+00
0.000000000000000000e+00
0.000000000000000000e+00
2.200000000000000000e+01
1.778000000000000000e+03
1.185400000000000000e+04
3.178900000000000000e+04
5.266200000000000000e+04
5.918100000000000000e+04
5.446100000000000000e+04
5.769800000000000000e+04
6.844600000000000000e+04
6.367600000000000000e+04
3.680300000000000000e+04
1.046700000000000000e+04
5.840000000000000000e+02
0.000000000000000000e+00
0.000000000000000000e+00
0.000000000000000000e+00
0.000000000000000000e+00
0.000000000000000000e+00
0.000000000000000000e+00
0.000000000000000000e+00
0.000000000000000000e+00
0.000000000000000000e+00
0.000000000000000000e+00
0.000000000000000000e+00
2.910000000000000000e+02
4.344000000000000000e+03
1.672700000000000000e+04
3.478500000000000000e+04
5.108000000000000000e+04
5.886800000000000000e+04
6.142800000000000000e+04
5.726400000000000000e+04
3.951200000000000000e+04
1.653700000000000000e+04
2.358000000000000000e+03
1.900000000000000000e+01
0.000000000000000000e+00
0.000000000000000000e+00
0.000000000000000000e+00
0.000000000000000000e+00
0.000000000000000000e+00
0.000000000000000000e+00
0.000000000000000000e+00
0.000000000000000000e+00
0.000000000000000000e+00
0.000000000000000000e+00
0.000000000000000000e+00
8.000000000000000000e+00
8.110000000000000000e+02
5.920000000000000000e+03
1.664000000000000000e+04
2.828400000000000000e+04
3.640300000000000000e+04
3.640300000000000000e+04
2.704900000000000000e+04
1.286000000000000000e+04
2.273000000000000000e+03
3.400000000000000000e+01
0.000000000000000000e+00
0.000000000000000000e+00
0.000000000000000000e+00
0.000000000000000000e+00
0.000000000000000000e+00
0.000000000000000000e+00
0.000000000000000000e+00
0.000000000000000000e+00
0.000000000000000000e+00
0.000000000000000000e+00
0.000000000000000000e+00
0.000000000000000000e+00
0.000000000000000000e+00
3.600000000000000000e+01
9.480000000000000000e+02
4.307000000000000000e+03
9.070000000000000000e+03
1.192100000000000000e+04
9.998000000000000000e+03
4.714000000000000000e+03
7.820000000000000000e+02
9.000000000000000000e+00
0.000000000000000000e+00
0.000000000000000000e+00
0.000000000000000000e+00
0.000000000000000000e+00
0.000000000000000000e+00
0.000000000000000000e+00
0.000000000000000000e+00
0.000000000000000000e+00
0.000000000000000000e+00
0.000000000000000000e+00
0.000000000000000000e+00
0.000000000000000000e+00
0.000000000000000000e+00
0.000000000000000000e+00
0.000000000000000000e+00
1.800000000000000000e+01
2.600000000000000000e+02
8.380000000000000000e+02
9.770000000000000000e+02
4.300000000000000000e+02
3.700000000000000000e+01
0.000000000000000000e+00
0.000000000000000000e+00
0.000000000000000000e+00
0.000000000000000000e+00
