5.220000000000000000e+02
3.720000000000000000e+02
5.050000000000000000e+02
4.760000000000000000e+02
3.200000000000000000e+02
1.670000000000000000e+02
3.790000000000000000e+02
3.850000000000000000e+02
1.260000000000000000e+02
3.950000000000000000e+02
4.790000000000000000e+02
6.700000000000000000e+01
1.940000000000000000e+02
1.082000000000000000e+03
3.380000000000000000e+02
2.950000000000000000e+02
1.840000000000000000e+02
6.170000000000000000e+02
3.200000000000000000e+02
4.860000000000000000e+02
2.610000000000000000e+02
2.830000000000000000e+02
3.770000000000000000e+02
3.640000000000000000e+02
1.830000000000000000e+02
3.360000000000000000e+02
4.520000000000000000e+02
4.180000000000000000e+02
3.730000000000000000e+02
2.400000000000000000e+02
3.400000000000000000e+02
3.040000000000000000e+02
2.260000000000000000e+02
3.510000000000000000e+02
3.240000000000000000e+02
2.170000000000000000e+02
3.720000000000000000e+02
1.400000000000000000e+02
3.140000000000000000e+02
3.930000000000000000e+02
9.140000000000000000e+02
7.510000000000000000e+02
7.370000000000000000e+02
4.410000000000000000e+02
1.970000000000000000e+02
7.250000000000000000e+02
3.650000000000000000e+02
4.220000000000000000e+02
3.580000000000000000e+02
3.420000000000000000e+02
4.220000000000000000e+02
3.120000000000000000e+02
5.560000000000000000e+02
7.710000000000000000e+02
3.740000000000000000e+02
3.110000000000000000e+02
2.750000000000000000e+02
8.400000000000000000e+02
7.790000000000000000e+02
5.730000000000000000e+02
6.380000000000000000e+02
7.100000000000000000e+02
4.330000000000000000e+02
2.470000000000000000e+02
4.880000000000000000e+02
2.890000000000000000e+02
7.100000000000000000e+01
6.310000000000000000e+02
4.180000000000000000e+02
3.340000000000000000e+02
3.050000000000000000e+02
2.390000000000000000e+02
3.760000000000000000e+02
2.120000000000000000e+02
2.450000000000000000e+02
1.960000000000000000e+02
7.850000000000000000e+02
1.530000000000000000e+02
4.250000000000000000e+02
6.540000000000000000e+02
4.290000000000000000e+02
2.330000000000000000e+02
6.170000000000000000e+02
1.710000000000000000e+02
7.000000000000000000e+02
3.240000000000000000e+02
2.400000000000000000e+02
3.150000000000000000e+02
4.130000000000000000e+02
3.960000000000000000e+02
2.470000000000000000e+02
4.520000000000000000e+02
6.380000000000000000e+02
3.950000000000000000e+02
2.930000000000000000e+02
2.890000000000000000e+02
6.770000000000000000e+02
3.450000000000000000e+02
4.320000000000000000e+02
5.050000000000000000e+02
2.610000000000000000e+02
7.070000000000000000e+02
4.960000000000000000e+02
5.090000000000000000e+02
1.210000000000000000e+02
1.149000000000000000e+03
1.200000000000000000e+02
2.980000000000000000e+02
7.360000000000000000e+02
5.250000000000000000e+02
4.780000000000000000e+02
2.670000000000000000e+02
5.980000000000000000e+02
4.230000000000000000e+02
8.600000000000000000e+02
3.810000000000000000e+02
3.570000000000000000e+02
1.710000000000000000e+02
2.840000000000000000e+02
6.120000000000000000e+02
3.550000000000000000e+02
4.320000000000000000e+02
6.080000000000000000e+02
5.600000000000000000e+01
5.420000000000000000e+02
3.970000000000000000e+02
7.180000000000000000e+02
1.690000000000000000e+02
1.950000000000000000e+02
7.820000000000000000e+02
6.020000000000000000e+02
5.170000000000000000e+02
3.870000000000000000e+02
5.580000000000000000e+02
7.250000000000000000e+02
1.380000000000000000e+02
4.860000000000000000e+02
3.160000000000000000e+02
1.700000000000000000e+02
7.300000000000000000e+01
9.870000000000000000e+02
3.340000000000000000e+02
3.210000000000000000e+02
5.940000000000000000e+02
4.560000000000000000e+02
5.880000000000000000e+02
2.670000000000000000e+02
3.440000000000000000e+02
3.310000000000000000e+02
3.140000000000000000e+02
3.400000000000000000e+02
2.640000000000000000e+02
3.860000000000000000e+02
6.570000000000000000e+02
6.410000000000000000e+02
5.030000000000000000e+02
2.550000000000000000e+02
5.110000000000000000e+02
3.290000000000000000e+02
3.060000000000000000e+02
8.860000000000000000e+02
1.055000000000000000e+03
4.890000000000000000e+02
2.030000000000000000e+02
2.420000000000000000e+02
5.050000000000000000e+02
4.410000000000000000e+02
4.790000000000000000e+02
3.310000000000000000e+02
3.890000000000000000e+02
5.570000000000000000e+02
5.340000000000000000e+02
8.320000000000000000e+02
4.190000000000000000e+02
1.035000000000000000e+03
4.460000000000000000e+02
1.900000000000000000e+02
6.060000000000000000e+02
8.780000000000000000e+02
8.440000000000000000e+02
5.280000000000000000e+02
4.270000000000000000e+02
7.630000000000000000e+02
5.670000000000000000e+02
2.750000000000000000e+02
7.980000000000000000e+02
4.590000000000000000e+02
2.860000000000000000e+02
4.890000000000000000e+02
8.680000000000000000e+02
4.760000000000000000e+02
2.480000000000000000e+02
2.720000000000000000e+02
4.170000000000000000e+02
6.870000000000000000e+02
2.070000000000000000e+02
9.650000000000000000e+02
1.900000000000000000e+02
5.510000000000000000e+02
1.840000000000000000e+02
5.880000000000000000e+02
6.060000000000000000e+02
3.920000000000000000e+02
1.130000000000000000e+02
4.570000000000000000e+02
1.880000000000000000e+02
4.960000000000000000e+02
4.410000000000000000e+02
2.550000000000000000e+02
1.920000000000000000e+02
6.480000000000000000e+02
3.080000000000000000e+02
1.320000000000000000e+02
5.400000000000000000e+02
6.930000000000000000e+02
1.720000000000000000e+02
3.020000000000000000e+02
2.790000000000000000e+02
6.410000000000000000e+02
2.470000000000000000e+02
3.660000000000000000e+02
3.560000000000000000e+02
7.250000000000000000e+02
7.070000000000000000e+02
3.860000000000000000e+02
1.036000000000000000e+03
5.770000000000000000e+02
3.330000000000000000e+02
9.700000000000000000e+01
