8.680000000000000000e+02
3.173000000000000000e+03
1.516000000000000000e+03
8.310000000000000000e+02
1.161000000000000000e+03
3.540000000000000000e+02
1.032000000000000000e+03
9.060000000000000000e+02
3.860000000000000000e+02
7.790000000000000000e+02
8.010000000000000000e+02
2.458000000000000000e+03
1.640000000000000000e+03
2.422000000000000000e+03
1.615000000000000000e+03
8.970000000000000000e+02
1.795000000000000000e+03
1.241000000000000000e+03
1.298000000000000000e+03
2.385000000000000000e+03
2.455000000000000000e+03
1.145000000000000000e+03
5.530000000000000000e+02
1.209000000000000000e+03
6.250000000000000000e+02
1.626000000000000000e+03
8.840000000000000000e+02
1.391000000000000000e+03
9.300000000000000000e+02
1.723000000000000000e+03
6.610000000000000000e+02
9.830000000000000000e+02
2.179000000000000000e+03
1.275000000000000000e+03
9.610000000000000000e+02
7.450000000000000000e+02
2.627000000000000000e+03
1.754000000000000000e+03
1.250000000000000000e+03
1.208000000000000000e+03
4.443000000000000000e+03
2.048000000000000000e+03
1.060000000000000000e+03
1.748000000000000000e+03
6.570000000000000000e+02
1.144000000000000000e+03
1.272000000000000000e+03
2.603000000000000000e+03
2.677000000000000000e+03
1.339000000000000000e+03
1.991000000000000000e+03
1.429000000000000000e+03
2.170000000000000000e+03
1.895000000000000000e+03
1.937000000000000000e+03
3.887000000000000000e+03
1.186000000000000000e+03
4.410000000000000000e+02
2.473000000000000000e+03
1.810000000000000000e+02
1.237000000000000000e+03
8.490000000000000000e+02
7.990000000000000000e+02
1.996000000000000000e+03
2.223000000000000000e+03
2.385000000000000000e+03
1.275000000000000000e+03
9.460000000000000000e+02
1.334000000000000000e+03
1.093000000000000000e+03
9.410000000000000000e+02
3.814000000000000000e+03
1.200000000000000000e+03
5.630000000000000000e+02
1.429000000000000000e+03
1.075000000000000000e+03
1.225000000000000000e+03
1.710000000000000000e+03
1.700000000000000000e+03
2.584000000000000000e+03
1.042000000000000000e+03
6.910000000000000000e+02
6.330000000000000000e+02
1.112000000000000000e+03
1.732000000000000000e+03
1.784000000000000000e+03
8.310000000000000000e+02
4.540000000000000000e+02
6.200000000000000000e+02
2.210000000000000000e+02
4.180000000000000000e+02
1.134000000000000000e+03
1.971000000000000000e+03
9.750000000000000000e+02
6.580000000000000000e+02
1.990000000000000000e+03
7.820000000000000000e+02
4.800000000000000000e+02
1.179000000000000000e+03
5.550000000000000000e+02
1.261000000000000000e+03
7.680000000000000000e+02
2.235000000000000000e+03
1.604000000000000000e+03
6.050000000000000000e+02
2.670000000000000000e+03
1.447000000000000000e+03
3.880000000000000000e+02
1.228000000000000000e+03
1.610000000000000000e+03
3.578000000000000000e+03
1.260000000000000000e+03
6.310000000000000000e+02
9.310000000000000000e+02
1.807000000000000000e+03
1.130000000000000000e+03
3.350000000000000000e+02
6.460000000000000000e+02
5.000000000000000000e+02
9.850000000000000000e+02
2.310000000000000000e+02
3.440000000000000000e+02
1.441000000000000000e+03
1.259000000000000000e+03
6.450000000000000000e+02
1.768000000000000000e+03
2.585000000000000000e+03
2.120000000000000000e+03
1.391000000000000000e+03
1.620000000000000000e+03
1.932000000000000000e+03
1.230000000000000000e+03
2.362000000000000000e+03
4.330000000000000000e+02
1.982000000000000000e+03
8.170000000000000000e+02
1.420000000000000000e+02
2.089000000000000000e+03
1.466000000000000000e+03
1.359000000000000000e+03
7.750000000000000000e+02
1.428000000000000000e+03
1.029000000000000000e+03
8.400000000000000000e+02
6.580000000000000000e+02
1.557000000000000000e+03
5.490000000000000000e+02
6.620000000000000000e+02
1.282000000000000000e+03
2.086000000000000000e+03
8.300000000000000000e+02
6.430000000000000000e+02
1.785000000000000000e+03
1.243000000000000000e+03
2.084000000000000000e+03
1.338000000000000000e+03
1.599000000000000000e+03
3.212000000000000000e+03
2.068000000000000000e+03
1.904000000000000000e+03
1.440000000000000000e+03
8.510000000000000000e+02
1.068000000000000000e+03
1.240000000000000000e+03
4.950000000000000000e+02
2.168000000000000000e+03
2.061000000000000000e+03
1.313000000000000000e+03
2.930000000000000000e+02
2.292000000000000000e+03
1.143000000000000000e+03
1.153000000000000000e+03
1.366000000000000000e+03
1.326000000000000000e+03
9.510000000000000000e+02
4.510000000000000000e+02
1.398000000000000000e+03
1.881000000000000000e+03
1.439000000000000000e+03
4.120000000000000000e+02
8.590000000000000000e+02
8.620000000000000000e+02
1.311000000000000000e+03
2.700000000000000000e+02
1.522000000000000000e+03
9.830000000000000000e+02
1.564000000000000000e+03
1.845000000000000000e+03
9.880000000000000000e+02
7.970000000000000000e+02
1.049000000000000000e+03
1.271000000000000000e+03
9.300000000000000000e+02
1.596000000000000000e+03
1.683000000000000000e+03
2.384000000000000000e+03
1.100000000000000000e+03
1.045000000000000000e+03
1.451000000000000000e+03
1.560000000000000000e+03
1.000000000000000000e+03
1.981000000000000000e+03
7.340000000000000000e+02
1.309000000000000000e+03
5.320000000000000000e+02
1.729000000000000000e+03
3.240000000000000000e+02
9.290000000000000000e+02
2.433000000000000000e+03
8.220000000000000000e+02
1.207000000000000000e+03
8.730000000000000000e+02
1.231000000000000000e+03
6.690000000000000000e+02
2.148000000000000000e+03
1.227000000000000000e+03
3.610000000000000000e+02
1.546000000000000000e+03
2.530000000000000000e+02
1.005000000000000000e+03
1.526000000000000000e+03
8.440000000000000000e+02
6.530000000000000000e+02
1.454000000000000000e+03
1.120000000000000000e+03
1.413000000000000000e+03
1.120000000000000000e+03
2.070000000000000000e+02
8.880000000000000000e+02
5.250000000000000000e+02
7.740000000000000000e+02
1.797000000000000000e+03
1.782000000000000000e+03
1.015000000000000000e+03
2.387000000000000000e+03
1.252000000000000000e+03
2.182000000000000000e+03
1.450000000000000000e+03
1.252000000000000000e+03
2.790000000000000000e+03
1.759000000000000000e+03
1.346000000000000000e+03
6.580000000000000000e+02
8.990000000000000000e+02
1.144000000000000000e+03
7.740000000000000000e+02
6.600000000000000000e+02
1.370000000000000000e+03
2.135000000000000000e+03
2.782000000000000000e+03
1.453000000000000000e+03
9.170000000000000000e+02
3.442000000000000000e+03
7.980000000000000000e+02
1.396000000000000000e+03
1.551000000000000000e+03
3.660000000000000000e+02
1.313000000000000000e+03
1.773000000000000000e+03
2.111000000000000000e+03
1.744000000000000000e+03
2.600000000000000000e+02
1.822000000000000000e+03
1.451000000000000000e+03
1.136000000000000000e+03
9.340000000000000000e+02
2.326000000000000000e+03
1.674000000000000000e+03
6.880000000000000000e+02
2.663000000000000000e+03
1.880000000000000000e+03
1.527000000000000000e+03
1.231000000000000000e+03
1.453000000000000000e+03
1.524000000000000000e+03
7.030000000000000000e+02
4.920000000000000000e+02
8.340000000000000000e+02
6.160000000000000000e+02
4.880000000000000000e+02
2.562000000000000000e+03
5.880000000000000000e+02
1.759000000000000000e+03
1.326000000000000000e+03
2.287000000000000000e+03
5.690000000000000000e+02
9.640000000000000000e+02
1.354000000000000000e+03
5.750000000000000000e+02
1.137000000000000000e+03
1.376000000000000000e+03
2.149000000000000000e+03
1.306000000000000000e+03
2.822000000000000000e+03
1.198000000000000000e+03
2.208000000000000000e+03
2.623000000000000000e+03
1.722000000000000000e+03
1.566000000000000000e+03
6.330000000000000000e+02
7.870000000000000000e+02
1.568000000000000000e+03
7.080000000000000000e+02
6.150000000000000000e+02
2.094000000000000000e+03
1.942000000000000000e+03
7.060000000000000000e+02
1.620000000000000000e+03
5.050000000000000000e+02
1.407000000000000000e+03
1.566000000000000000e+03
9.840000000000000000e+02
1.426000000000000000e+03
7.640000000000000000e+02
6.370000000000000000e+02
1.122000000000000000e+03
1.486000000000000000e+03
2.521000000000000000e+03
1.300000000000000000e+03
9.020000000000000000e+02
2.029000000000000000e+03
4.940000000000000000e+02
7.290000000000000000e+02
1.589000000000000000e+03
1.109000000000000000e+03
4.700000000000000000e+02
1.483000000000000000e+03
1.113000000000000000e+03
1.243000000000000000e+03
6.290000000000000000e+02
1.513000000000000000e+03
1.668000000000000000e+03
1.795000000000000000e+03
8.710000000000000000e+02
8.650000000000000000e+02
8.910000000000000000e+02
1.653000000000000000e+03
1.835000000000000000e+03
1.414000000000000000e+03
1.244000000000000000e+03
1.598000000000000000e+03
5.810000000000000000e+02
8.030000000000000000e+02
2.458000000000000000e+03
8.150000000000000000e+02
1.173000000000000000e+03
4.580000000000000000e+02
3.530000000000000000e+02
1.515000000000000000e+03
2.360000000000000000e+03
1.592000000000000000e+03
1.093000000000000000e+03
9.750000000000000000e+02
1.757000000000000000e+03
1.119000000000000000e+03
1.760000000000000000e+03
2.375000000000000000e+03
1.349000000000000000e+03
2.289000000000000000e+03
1.690000000000000000e+03
1.810000000000000000e+03
3.046000000000000000e+03
1.953000000000000000e+03
6.470000000000000000e+02
5.260000000000000000e+02
2.690000000000000000e+02
1.434000000000000000e+03
1.204000000000000000e+03
2.064000000000000000e+03
1.601000000000000000e+03
1.610000000000000000e+03
9.230000000000000000e+02
2.520000000000000000e+02
1.057000000000000000e+03
2.030000000000000000e+03
8.400000000000000000e+02
1.620000000000000000e+03
9.180000000000000000e+02
2.113000000000000000e+03
1.008000000000000000e+03
7.650000000000000000e+02
7.740000000000000000e+02
1.158000000000000000e+03
1.280000000000000000e+03
3.860000000000000000e+02
1.385000000000000000e+03
6.260000000000000000e+02
1.242000000000000000e+03
1.142000000000000000e+03
1.433000000000000000e+03
1.520000000000000000e+03
1.405000000000000000e+03
8.670000000000000000e+02
8.540000000000000000e+02
9.100000000000000000e+02
4.060000000000000000e+02
2.302000000000000000e+03
1.902000000000000000e+03
9.090000000000000000e+02
3.060000000000000000e+02
1.703000000000000000e+03
4.384000000000000000e+03
8.000000000000000000e+02
5.690000000000000000e+02
2.242000000000000000e+03
9.320000000000000000e+02
8.910000000000000000e+02
1.842000000000000000e+03
2.368000000000000000e+03
8.190000000000000000e+02
1.360000000000000000e+03
4.760000000000000000e+02
4.980000000000000000e+02
2.744000000000000000e+03
1.139000000000000000e+03
1.446000000000000000e+03
1.396000000000000000e+03
1.326000000000000000e+03
3.900000000000000000e+02
1.027000000000000000e+03
2.060000000000000000e+02
7.700000000000000000e+02
6.220000000000000000e+02
2.021000000000000000e+03
5.550000000000000000e+02
2.748000000000000000e+03
9.570000000000000000e+02
2.059000000000000000e+03
2.049000000000000000e+03
1.191000000000000000e+03
9.290000000000000000e+02
2.085000000000000000e+03
5.010000000000000000e+02
7.030000000000000000e+02
1.451000000000000000e+03
2.935000000000000000e+03
1.893000000000000000e+03
3.137000000000000000e+03
1.354000000000000000e+03
1.044000000000000000e+03
4.950000000000000000e+02
3.970000000000000000e+02
1.317000000000000000e+03
1.058000000000000000e+03
1.042000000000000000e+03
7.440000000000000000e+02
3.840000000000000000e+02
2.480000000000000000e+03
7.530000000000000000e+02
1.003000000000000000e+03
1.688000000000000000e+03
8.710000000000000000e+02
1.351000000000000000e+03
2.768000000000000000e+03
1.784000000000000000e+03
7.790000000000000000e+02
2.123000000000000000e+03
1.972000000000000000e+03
4.870000000000000000e+02
1.977000000000000000e+03
1.904000000000000000e+03
1.742000000000000000e+03
7.550000000000000000e+02
4.570000000000000000e+02
2.612000000000000000e+03
1.804000000000000000e+03
9.940000000000000000e+02
7.190000000000000000e+02
1.431000000000000000e+03
1.189000000000000000e+03
6.920000000000000000e+02
6.090000000000000000e+02
3.363000000000000000e+03
8.320000000000000000e+02
7.940000000000000000e+02
4.500000000000000000e+02
6.420000000000000000e+02
8.940000000000000000e+02
2.460000000000000000e+03
4.020000000000000000e+02
1.157000000000000000e+03
4.020000000000000000e+02
1.603000000000000000e+03
6.800000000000000000e+02
6.520000000000000000e+02
4.270000000000000000e+02
1.306000000000000000e+03
2.088000000000000000e+03
2.399000000000000000e+03
1.582000000000000000e+03
9.760000000000000000e+02
1.726000000000000000e+03
7.990000000000000000e+02
2.792000000000000000e+03
1.582000000000000000e+03
1.538000000000000000e+03
5.880000000000000000e+02
1.669000000000000000e+03
9.660000000000000000e+02
7.370000000000000000e+02
5.620000000000000000e+02
7.360000000000000000e+02
1.475000000000000000e+03
5.230000000000000000e+02
9.190000000000000000e+02
2.170000000000000000e+02
7.920000000000000000e+02
3.290000000000000000e+02
1.870000000000000000e+03
7.660000000000000000e+02
1.053000000000000000e+03
7.890000000000000000e+02
6.930000000000000000e+02
1.527000000000000000e+03
7.050000000000000000e+02
1.004000000000000000e+03
1.389000000000000000e+03
1.856000000000000000e+03
7.800000000000000000e+02
1.440000000000000000e+03
8.500000000000000000e+02
8.180000000000000000e+02
1.066000000000000000e+03
1.946000000000000000e+03
2.379000000000000000e+03
1.794000000000000000e+03
1.305000000000000000e+03
2.452000000000000000e+03
1.923000000000000000e+03
1.491000000000000000e+03
3.071000000000000000e+03
2.281000000000000000e+03
6.120000000000000000e+02
1.973000000000000000e+03
5.910000000000000000e+02
5.420000000000000000e+02
2.915000000000000000e+03
1.167000000000000000e+03
1.093000000000000000e+03
2.098000000000000000e+03
2.043000000000000000e+03
2.893000000000000000e+03
2.244000000000000000e+03
2.144000000000000000e+03
1.812000000000000000e+03
1.113000000000000000e+03
1.357000000000000000e+03
3.420000000000000000e+03
1.167000000000000000e+03
1.193000000000000000e+03
8.010000000000000000e+02
1.000000000000000000e+03
2.390000000000000000e+03
6.440000000000000000e+02
1.057000000000000000e+03
9.190000000000000000e+02
8.570000000000000000e+02
1.346000000000000000e+03
1.120000000000000000e+03
7.560000000000000000e+02
6.970000000000000000e+02
1.248000000000000000e+03
6.640000000000000000e+02
9.830000000000000000e+02
2.299000000000000000e+03
5.080000000000000000e+02
1.193000000000000000e+03
3.219000000000000000e+03
6.920000000000000000e+02
9.350000000000000000e+02
1.260000000000000000e+03
1.598000000000000000e+03
3.603000000000000000e+03
2.015000000000000000e+03
7.950000000000000000e+02
2.342000000000000000e+03
1.108000000000000000e+03
1.855000000000000000e+03
1.091000000000000000e+03
9.710000000000000000e+02
2.519000000000000000e+03
1.095000000000000000e+03
4.770000000000000000e+02
2.610000000000000000e+02
1.340000000000000000e+03
1.170000000000000000e+03
9.410000000000000000e+02
1.129000000000000000e+03
6.230000000000000000e+02
1.672000000000000000e+03
4.570000000000000000e+02
4.750000000000000000e+02
1.687000000000000000e+03
1.353000000000000000e+03
6.940000000000000000e+02
9.650000000000000000e+02
7.960000000000000000e+02
1.315000000000000000e+03
6.660000000000000000e+02
6.770000000000000000e+02
2.087000000000000000e+03
1.353000000000000000e+03
1.129000000000000000e+03
1.457000000000000000e+03
3.760000000000000000e+02
1.078000000000000000e+03
1.530000000000000000e+03
9.540000000000000000e+02
2.850000000000000000e+02
7.860000000000000000e+02
1.017000000000000000e+03
8.330000000000000000e+02
8.640000000000000000e+02
9.360000000000000000e+02
6.130000000000000000e+02
5.160000000000000000e+02
8.740000000000000000e+02
1.663000000000000000e+03
1.465000000000000000e+03
8.500000000000000000e+02
1.855000000000000000e+03
7.700000000000000000e+02
1.737000000000000000e+03
1.432000000000000000e+03
1.383000000000000000e+03
8.370000000000000000e+02
8.750000000000000000e+02
7.850000000000000000e+02
7.690000000000000000e+02
6.430000000000000000e+02
1.576000000000000000e+03
7.360000000000000000e+02
1.753000000000000000e+03
1.633000000000000000e+03
1.887000000000000000e+03
7.710000000000000000e+02
2.210000000000000000e+03
1.871000000000000000e+03
1.085000000000000000e+03
7.840000000000000000e+02
9.950000000000000000e+02
8.580000000000000000e+02
4.500000000000000000e+02
6.450000000000000000e+02
1.122000000000000000e+03
9.310000000000000000e+02
1.612000000000000000e+03
1.079000000000000000e+03
1.303000000000000000e+03
2.104000000000000000e+03
2.940000000000000000e+02
1.958000000000000000e+03
8.110000000000000000e+02
1.635000000000000000e+03
1.304000000000000000e+03
1.783000000000000000e+03
2.921000000000000000e+03
1.772000000000000000e+03
1.570000000000000000e+03
1.881000000000000000e+03
1.154000000000000000e+03
1.982000000000000000e+03
5.940000000000000000e+02
5.810000000000000000e+02
1.763000000000000000e+03
1.595000000000000000e+03
1.092000000000000000e+03
5.810000000000000000e+02
7.180000000000000000e+02
1.990000000000000000e+02
2.504000000000000000e+03
1.956000000000000000e+03
1.495000000000000000e+03
4.900000000000000000e+02
1.085000000000000000e+03
6.400000000000000000e+02
1.049000000000000000e+03
8.420000000000000000e+02
1.244000000000000000e+03
1.456000000000000000e+03
8.910000000000000000e+02
1.846000000000000000e+03
5.500000000000000000e+02
7.040000000000000000e+02
1.187000000000000000e+03
1.122000000000000000e+03
1.573000000000000000e+03
6.460000000000000000e+02
8.210000000000000000e+02
